Model Results
Clusters: [2 0 0 ... 2 2 0]
Centroids: [[ 0.20167562  0.10934736  0.28896653  0.25899997  0.20568593  1.03116291
   0.78521415  1.02992219 -0.98462393  0.6883267   1.01257035  1.03335972
   1.00427975 -0.08063581 -0.70690264  0.36954139 -1.02388587  1.02521624
  -0.97526231 -0.32216752  1.03273649  0.14574014  0.4802291  -0.39348479
   0.87549435 -0.2045692   0.8754974   0.7652112   0.62214451  0.35740736
  -0.02886707 -0.28102412  0.01900981  0.19729132  0.14194175 -0.11377923
  -0.19211721  0.01900981  0.20018875  0.12681052 -0.15032631 -0.16133341
   0.03639208  0.01688885 -0.0368295   0.05281054]
 [-0.14267744 -0.0752943  -0.21391015 -0.18107162 -0.10504786 -0.83965842
  -0.71122265 -0.84865254  0.83102533 -0.59863833 -0.84645926 -0.85546428
  -0.85092487  0.03882916  0.55289471 -0.37865587  0.85479049 -0.84923747
   0.81511641  0.36939691 -0.84634174  0.34246788  0.29537169 -0.73340331
  -1.09047942 -0.39961203 -1.09047839 -1.10779749 -1.12452509 -1.13055321
  -1.03497579 -0.90850622 -0.0655265  -0.81235303 -1.24443551 -1.0972807
  -0.90358818 -0.0655265  -0.82509042 -1.2477094  -1.04221413 -0.66053848
  -0.03395243 -0.04247787  0.01885356 -0.03184372]
 [-0.10063499 -0.0556934  -0.13900662 -0.13042169 -0.12477843 -0.45427229
  -0.3066143  -0.44825154  0.417758   -0.2823657  -0.43407622 -0.44757033
  -0.42428647  0.05020492  0.3238555  -0.12025934  0.43954425 -0.44376155
   0.41816763  0.08334772 -0.4520097  -0.31652932 -0.58714942  0.74996474
  -0.17909216  0.39992537 -0.17909542 -0.07189453  0.06402943  0.30191083
   0.59189027  0.74612526  0.01900981  0.2696786   0.55514776  0.70122233
   0.66465404  0.01900981  0.27408075  0.5703469   0.70347564  0.50438625
  -0.01366907  0.00827759  0.02231837 -0.02937126]]
KFold Results
Scores: [0.35714286 0.25062657 0.41062196 0.3512455  0.34560551 0.24502585
 0.36409212 0.40043867 0.24189253 0.24549585]
Accuracy: 0.32121874088322794
Standard Deviation: 0.06458245790974679
{'tol': 0.01, 'n_init': 7, 'max_iter': 400, 'init': 'k-means++'}
